TRAINWORLD:16 coefs, 20 filtres, init method 1, VQit 50000000, VQth 0.000001, TH 0.001, IT 50, nMix 100
TRAINWORLD:16 coefs, 20 filtres, init method 1, VQit 50000000, VQth 0.000001, TH 0.001, IT 50, nMix 100
TRAINWORLD:16 coefs, 20 filtres, init method 1, VQit 50000000, VQth 0.000001, TH 0.001, IT 50, nMix 100
